CRIM       506    3.593761    8.596783    0.00632    0.082045    0.25651   
ZN         506   11.363636   23.322453    0.00000    0.000000    0.00000   
INDUS      506   11.136779    6.860353    0.46000    5.190000    9.69000   
CHAS       506    0.069170    0.253994    0.00000    0.000000    0.00000   
NOX        506    0.554695    0.115878    0.38500    0.449000    0.53800   
RM         506    6.284634    0.702617    3.56100    5.885500    6.20850   
AGE        506   68.574901   28.148861    2.90000   45.025000   77.50000   
DIS        506    3.795043    2.105710    1.12960    2.100175    3.20745   
RAD        506    9.549407    8.707259    1.00000    4.000000    5.00000   
TAX        506  408.237154  168.537116  187.00000  279.000000  330.00000   
PTRATIO    506   18.455534    2.164946   12.60000   17.400000   19.05000   
B          506  356.674032   91.294864    0.32000  375.377500  391.44000   
LSTAT      506   12.653063    7.141062    1.73000    6.950000   11.36000   
MEDV       506   22.532806    9.197104    5.00000   17.025000   21.20000